list(Nstudy=4.20000E+01, N=c(1.39000E+02, 6.50000E+01, 1.39000E+02, 1.39000E+02, 4.40000E+01, 6.20000E+01, 6.20000E+01, 6.00000E+01, 1.16000E+02, 1.16000E+02, 6.20000E+01, 3.90000E+01, 7.70000E+01, 7.40000E+01, 7.40000E+01, 6.00000E+01, 6.00000E+01, 6.70000E+01, 3.60000E+01, 6.70000E+01, 1.30000E+01, 1.30000E+01, 1.17000E+02, 1.02000E+02, 4.50000E+01, 7.70000E+01, 4.80000E+01, 7.10000E+01, 7.10000E+01, 4.80000E+01, 1.30000E+02, 1.15000E+02, 1.30000E+02, 1.30000E+02, 1.17000E+02, 1.15000E+02, 7.00000E+01, 3.60000E+01, 3.60000E+01, 3.60000E+01, 7.10000E+01, 3.40000E+01), mu.N=7.57857E+01, pp=3.00000E+00, vR= structure(.Data= c(    NA, -1.80000E-01,     NA, 4.50000E-01, -5.00000E-01, -2.60000E-01,     NA, -2.80000E-01,     NA,     NA, -3.30000E-01,     NA, 3.20000E-01, -4.50000E-01,     NA,     NA, -3.70000E-01,     NA,     NA, -4.90000E-01,     NA,     NA, -2.60000E-01,     NA, 3.10000E-01, -1.50000E-01,     NA, 3.20000E-01, -1.70000E-01, -4.40000E-01,     NA, -4.70000E-01,     NA, 4.80000E-01, -4.10000E-01,     NA, 3.50000E-01, -2.30000E-01, -2.50000E-01, 3.10000E-01,     NA,     NA, 5.00000E-02,     NA,     NA, 4.70000E-01, -9.00000E-02,     NA, 3.50000E-01, -9.00000E-02,     NA, 3.40000E-01, -4.40000E-01,     NA, 3.60000E-01, -5.30000E-01,     NA, 1.00000E-01, -5.00000E-02,     NA,     NA,     NA, -4.60000E-01,     NA,     NA, -2.80000E-01, 1.50000E-01, -3.20000E-01, -2.70000E-01, 1.80000E-01, -2.20000E-01, -1.70000E-01,     NA, 6.00000E-02,     NA, 4.00000E-01, -2.20000E-01,     NA,     NA, -7.30000E-01,     NA,     NA, -4.00000E-02,     NA,     NA, -7.00000E-02,     NA, 2.60000E-01, -1.00000E-01,     NA, 3.00000E-02, -6.00000E-02,     NA, 4.90000E-01, -2.70000E-01,     NA, 4.00000E-01, -2.90000E-01,     NA, 4.00000E-01, -2.60000E-01,     NA,     NA,     NA, -3.40000E-01, 3.70000E-01, -3.70000E-01,     NA, 2.40000E-01, -3.30000E-01,     NA,     NA, -2.40000E-01, -4.40000E-01,     NA, -6.10000E-01,     NA, 4.50000E-01, -1.30000E-01,     NA, 4.30000E-01, -2.00000E-01, -4.30000E-01, 3.00000E-01, -3.00000E-02,     NA), .Dim=c(42, 3)), tau.vR= structure(.Data= c(1.92938E+02, 4.73667E+01, 2.84663E+01, 4.73667E+01, 1.86479E+02, -4.37385E+01, 2.84663E+01, -4.37385E+01, 1.95015E+02, 9.02229E+01, 2.21499E+01, 1.33116E+01, 2.21499E+01, 8.72023E+01, -2.04532E+01, 1.33116E+01, -2.04532E+01, 9.11940E+01, 1.92938E+02, 4.73667E+01, 2.84663E+01, 4.73667E+01, 1.86479E+02, -4.37385E+01, 2.84663E+01, -4.37385E+01, 1.95015E+02, 1.92938E+02, 4.73667E+01, 2.84663E+01, 4.73667E+01, 1.86479E+02, -4.37385E+01, 2.84663E+01, -4.37385E+01, 1.95015E+02, 6.10740E+01, 1.49938E+01, 9.01092E+00, 1.49938E+01, 5.90292E+01, -1.38453E+01, 9.01092E+00, -1.38453E+01, 6.17313E+01, 8.60588E+01, 2.11276E+01, 1.26972E+01, 2.11276E+01, 8.31775E+01, -1.95092E+01, 1.26972E+01, -1.95092E+01, 8.69850E+01, 8.60588E+01, 2.11276E+01, 1.26972E+01, 2.11276E+01, 8.31775E+01, -1.95092E+01, 1.26972E+01, -1.95092E+01, 8.69850E+01, 8.32827E+01, 2.04460E+01, 1.22876E+01, 2.04460E+01, 8.04944E+01, -1.88799E+01, 1.22876E+01, -1.88799E+01, 8.41791E+01, 1.61013E+02, 3.95290E+01, 2.37561E+01, 3.95290E+01, 1.55623E+02, -3.65012E+01, 2.37561E+01, -3.65012E+01, 1.62746E+02, 1.61013E+02, 3.95290E+01, 2.37561E+01, 3.95290E+01, 1.55623E+02, -3.65012E+01, 2.37561E+01, -3.65012E+01, 1.62746E+02, 8.60588E+01, 2.11276E+01, 1.26972E+01, 2.11276E+01, 8.31775E+01, -1.95092E+01, 1.26972E+01, -1.95092E+01, 8.69850E+01, 5.41337E+01, 1.32899E+01, 7.98695E+00, 1.32899E+01, 5.23214E+01, -1.22719E+01, 7.98695E+00, -1.22719E+01, 5.47164E+01, 1.06879E+02, 2.62391E+01, 1.57691E+01, 2.62391E+01, 1.03301E+02, -2.42292E+01, 1.57691E+01, -2.42292E+01, 1.08030E+02, 1.02715E+02, 2.52168E+01, 1.51547E+01, 2.52168E+01, 9.92764E+01, -2.32852E+01, 1.51547E+01, -2.32852E+01, 1.03821E+02, 1.02715E+02, 2.52168E+01, 1.51547E+01, 2.52168E+01, 9.92764E+01, -2.32852E+01, 1.51547E+01, -2.32852E+01, 1.03821E+02, 8.32827E+01, 2.04460E+01, 1.22876E+01, 2.04460E+01, 8.04944E+01, -1.88799E+01, 1.22876E+01, -1.88799E+01, 8.41791E+01, 8.32827E+01, 2.04460E+01, 1.22876E+01, 2.04460E+01, 8.04944E+01, -1.88799E+01, 1.22876E+01, -1.88799E+01, 8.41791E+01, 9.29990E+01, 2.28314E+01, 1.37212E+01, 2.28314E+01, 8.98854E+01, -2.10826E+01, 1.37212E+01, -2.10826E+01, 9.39999E+01, 4.99696E+01, 1.22676E+01, 7.37257E+00, 1.22676E+01, 4.82966E+01, -1.13279E+01, 7.37257E+00, -1.13279E+01, 5.05074E+01, 9.29990E+01, 2.28314E+01, 1.37212E+01, 2.28314E+01, 8.98854E+01, -2.10826E+01, 1.37212E+01, -2.10826E+01, 9.39999E+01, 1.80446E+01, 4.42998E+00, 2.66232E+00, 4.42998E+00, 1.74405E+01, -4.09065E+00, 2.66232E+00, -4.09065E+00, 1.82388E+01, 1.80446E+01, 4.42998E+00, 2.66232E+00, 4.42998E+00, 1.74405E+01, -4.09065E+00, 2.66232E+00, -4.09065E+00, 1.82388E+01, 1.62401E+02, 3.98698E+01, 2.39609E+01, 3.98698E+01, 1.56964E+02, -3.68158E+01, 2.39609E+01, -3.68158E+01, 1.64149E+02, 1.41581E+02, 3.47583E+01, 2.08890E+01, 3.47583E+01, 1.36840E+02, -3.20958E+01, 2.08890E+01, -3.20958E+01, 1.43104E+02, 6.24620E+01, 1.53345E+01, 9.21572E+00, 1.53345E+01, 6.03708E+01, -1.41599E+01, 9.21572E+00, -1.41599E+01, 6.31343E+01, 1.06879E+02, 2.62391E+01, 1.57691E+01, 2.62391E+01, 1.03301E+02, -2.42292E+01, 1.57691E+01, -2.42292E+01, 1.08030E+02, 6.66261E+01, 1.63568E+01, 9.83010E+00, 1.63568E+01, 6.43955E+01, -1.51039E+01, 9.83010E+00, -1.51039E+01, 6.73432E+01, 9.85512E+01, 2.41945E+01, 1.45404E+01, 2.41945E+01, 9.52517E+01, -2.23412E+01, 1.45404E+01, -2.23412E+01, 9.96119E+01, 9.85512E+01, 2.41945E+01, 1.45404E+01, 2.41945E+01, 9.52517E+01, -2.23412E+01, 1.45404E+01, -2.23412E+01, 9.96119E+01, 6.66261E+01, 1.63568E+01, 9.83010E+00, 1.63568E+01, 6.43955E+01, -1.51039E+01, 9.83010E+00, -1.51039E+01, 6.73432E+01, 1.80446E+02, 4.42998E+01, 2.66232E+01, 4.42998E+01, 1.74405E+02, -4.09065E+01, 2.66232E+01, -4.09065E+01, 1.82388E+02, 1.59625E+02, 3.91882E+01, 2.35513E+01, 3.91882E+01, 1.54281E+02, -3.61865E+01, 2.35513E+01, -3.61865E+01, 1.61343E+02, 1.80446E+02, 4.42998E+01, 2.66232E+01, 4.42998E+01, 1.74405E+02, -4.09065E+01, 2.66232E+01, -4.09065E+01, 1.82388E+02, 1.80446E+02, 4.42998E+01, 2.66232E+01, 4.42998E+01, 1.74405E+02, -4.09065E+01, 2.66232E+01, -4.09065E+01, 1.82388E+02, 1.62401E+02, 3.98698E+01, 2.39609E+01, 3.98698E+01, 1.56964E+02, -3.68158E+01, 2.39609E+01, -3.68158E+01, 1.64149E+02, 1.59625E+02, 3.91882E+01, 2.35513E+01, 3.91882E+01, 1.54281E+02, -3.61865E+01, 2.35513E+01, -3.61865E+01, 1.61343E+02, 9.71631E+01, 2.38537E+01, 1.43356E+01, 2.38537E+01, 9.39101E+01, -2.20266E+01, 1.43356E+01, -2.20266E+01, 9.82089E+01, 4.99696E+01, 1.22676E+01, 7.37257E+00, 1.22676E+01, 4.82966E+01, -1.13279E+01, 7.37257E+00, -1.13279E+01, 5.05074E+01, 4.99696E+01, 1.22676E+01, 7.37257E+00, 1.22676E+01, 4.82966E+01, -1.13279E+01, 7.37257E+00, -1.13279E+01, 5.05074E+01, 4.99696E+01, 1.22676E+01, 7.37257E+00, 1.22676E+01, 4.82966E+01, -1.13279E+01, 7.37257E+00, -1.13279E+01, 5.05074E+01, 9.85512E+01, 2.41945E+01, 1.45404E+01, 2.41945E+01, 9.52517E+01, -2.23412E+01, 1.45404E+01, -2.23412E+01, 9.96119E+01, 4.71935E+01, 1.15861E+01, 6.96299E+00, 1.15861E+01, 4.56135E+01, -1.06986E+01, 6.96299E+00, -1.06986E+01, 4.77015E+01), .Dim=c(42, 3, 3)), M=c(-2.31897E-02, -3.34398E-01, -2.07609E-01, 1.00841E+00, -7.95447E-01, 3.05308E-01, 3.44415E-02, 1.08333E+00, 1.61230E-01, 1.61230E-01, 4.14807E-01, -5.07291E-01, -6.05264E-01, -5.24580E-01, -5.24580E-01, -6.91711E-01, -6.91711E-01, -9.10709E-01, -5.59159E-01, 1.71521E-02, -6.80185E-01, 2.53563E+00, -3.57450E-01, -3.57450E-01, 4.95490E-01, -7.66631E-01, 4.39712E+00, -1.44215E-01, -1.44215E-01, -9.62577E-01, 1.66993E-01, -5.87975E-01, 1.55467E-01, -1.38452E-01, -9.23470E-02, -3.34398E-01, -6.22553E-01, 1.82677E+00, 7.14489E-01, -9.56814E-01, -4.72712E-01, -4.84239E-01), predM=c(-9.62577E-01, -2.71004E-01, 4.39712E+00), mu.vR.psi=c(0.00000E+00, 0.00000E+00, 0.00000E+00), alpha.prior.vE=2.47926E+00, beta.prior.vE=9.81424E-03)
