list(b0.a=0.00000E+00, b0.b=0.00000E+00, b0.cp=0.00000E+00, b1.a=0.00000E+00, b1.cp=0.00000E+00, sd.ua=1.00000E-01, sd.ucp=1.00000E-01, tau.R=1.00000E+02, a=c(0.00000E+00, 0.00000E+00, 0.00000E+00, 0.00000E+00, 0.00000E+00, 0.00000E+00, 0.00000E+00, 0.00000E+00, 0.00000E+00, 0.00000E+00, 0.00000E+00, 0.00000E+00, 0.00000E+00, 0.00000E+00, 0.00000E+00, 0.00000E+00, 0.00000E+00, 0.00000E+00, 0.00000E+00, 0.00000E+00, 0.00000E+00, 0.00000E+00, 0.00000E+00, 0.00000E+00, 0.00000E+00, 0.00000E+00, 0.00000E+00, 0.00000E+00, 0.00000E+00, 0.00000E+00, 0.00000E+00, 0.00000E+00, 0.00000E+00, 0.00000E+00, 0.00000E+00, 0.00000E+00, 0.00000E+00, 0.00000E+00, 0.00000E+00, 0.00000E+00, 0.00000E+00, 0.00000E+00), cp=c(0.00000E+00, 0.00000E+00, 0.00000E+00, 0.00000E+00, 0.00000E+00, 0.00000E+00, 0.00000E+00, 0.00000E+00, 0.00000E+00, 0.00000E+00, 0.00000E+00, 0.00000E+00, 0.00000E+00, 0.00000E+00, 0.00000E+00, 0.00000E+00, 0.00000E+00, 0.00000E+00, 0.00000E+00, 0.00000E+00, 0.00000E+00, 0.00000E+00, 0.00000E+00, 0.00000E+00, 0.00000E+00, 0.00000E+00, 0.00000E+00, 0.00000E+00, 0.00000E+00, 0.00000E+00, 0.00000E+00, 0.00000E+00, 0.00000E+00, 0.00000E+00, 0.00000E+00, 0.00000E+00, 0.00000E+00, 0.00000E+00, 0.00000E+00, 0.00000E+00, 0.00000E+00, 0.00000E+00), vR.psi= structure(.Data= c(0.00000E+00, 0.00000E+00, 0.00000E+00, 0.00000E+00, 0.00000E+00, 0.00000E+00, 0.00000E+00, 0.00000E+00, 0.00000E+00, 0.00000E+00, 0.00000E+00, 0.00000E+00, 0.00000E+00, 0.00000E+00, 0.00000E+00, 0.00000E+00, 0.00000E+00, 0.00000E+00, 0.00000E+00, 0.00000E+00, 0.00000E+00, 0.00000E+00, 0.00000E+00, 0.00000E+00, 0.00000E+00, 0.00000E+00, 0.00000E+00, 0.00000E+00, 0.00000E+00, 0.00000E+00, 0.00000E+00, 0.00000E+00, 0.00000E+00, 0.00000E+00, 0.00000E+00, 0.00000E+00, 0.00000E+00, 0.00000E+00, 0.00000E+00, 0.00000E+00, 0.00000E+00, 0.00000E+00, 0.00000E+00, 0.00000E+00, 0.00000E+00, 0.00000E+00, 0.00000E+00, 0.00000E+00, 0.00000E+00, 0.00000E+00, 0.00000E+00, 0.00000E+00, 0.00000E+00, 0.00000E+00, 0.00000E+00, 0.00000E+00, 0.00000E+00, 0.00000E+00, 0.00000E+00, 0.00000E+00, 0.00000E+00, 0.00000E+00, 0.00000E+00, 0.00000E+00, 0.00000E+00, 0.00000E+00, 0.00000E+00, 0.00000E+00, 0.00000E+00, 0.00000E+00, 0.00000E+00, 0.00000E+00, 0.00000E+00, 0.00000E+00, 0.00000E+00, 0.00000E+00, 0.00000E+00, 0.00000E+00, 0.00000E+00, 0.00000E+00, 0.00000E+00, 0.00000E+00, 0.00000E+00, 0.00000E+00, 0.00000E+00, 0.00000E+00, 0.00000E+00, 0.00000E+00, 0.00000E+00, 0.00000E+00, 0.00000E+00, 0.00000E+00, 0.00000E+00, 0.00000E+00, 0.00000E+00, 0.00000E+00, 0.00000E+00, 0.00000E+00, 0.00000E+00, 0.00000E+00, 0.00000E+00, 0.00000E+00, 0.00000E+00, 0.00000E+00, 0.00000E+00, 0.00000E+00, 0.00000E+00, 0.00000E+00, 0.00000E+00, 0.00000E+00, 0.00000E+00, 0.00000E+00, 0.00000E+00, 0.00000E+00, 0.00000E+00, 0.00000E+00, 0.00000E+00, 0.00000E+00, 0.00000E+00, 0.00000E+00, 0.00000E+00, 0.00000E+00, 0.00000E+00, 0.00000E+00, 0.00000E+00, 0.00000E+00), .Dim=c(42, 3)), vR= structure(.Data= c(3.19615E-01,     NA, -3.34000E-01,     NA,     NA,     NA, 3.19615E-01,     NA, -3.34000E-01, 3.19615E-01,     NA, -3.34000E-01,     NA,     NA, -3.34000E-01, 3.19615E-01,     NA, -3.34000E-01, 3.19615E-01,     NA, -3.34000E-01, 3.19615E-01,     NA, -3.34000E-01,     NA,     NA, -3.34000E-01,     NA,     NA,     NA, 3.19615E-01,     NA, -3.34000E-01,     NA,     NA, -3.34000E-01,     NA,     NA,     NA,     NA, -2.68108E-01, -3.34000E-01,     NA, -2.68108E-01, -3.34000E-01,     NA,     NA, -3.34000E-01,     NA,     NA, -3.34000E-01,     NA,     NA, -3.34000E-01,     NA,     NA, -3.34000E-01,     NA,     NA, -3.34000E-01, 3.19615E-01, -2.68108E-01,     NA, 3.19615E-01, -2.68108E-01,     NA,     NA,     NA,     NA,     NA,     NA,     NA, 3.19615E-01,     NA, -3.34000E-01,     NA,     NA, -3.34000E-01, 3.19615E-01,     NA, -3.34000E-01, 3.19615E-01,     NA, -3.34000E-01, 3.19615E-01,     NA, -3.34000E-01,     NA,     NA, -3.34000E-01,     NA,     NA, -3.34000E-01,     NA,     NA, -3.34000E-01,     NA,     NA, -3.34000E-01,     NA,     NA, -3.34000E-01, 3.19615E-01, -2.68108E-01,     NA,     NA,     NA, -3.34000E-01,     NA,     NA, -3.34000E-01, 3.19615E-01,     NA,     NA, 3.19615E-01,     NA, -3.34000E-01,     NA,     NA, -3.34000E-01,     NA,     NA,     NA,     NA,     NA, -3.34000E-01), .Dim=c(42, 3)), vR.rep= structure(.Data= c(3.19615E-01, -1.80000E-01, -3.34000E-01, 4.50000E-01, -5.00000E-01, -2.60000E-01, 3.19615E-01, -2.80000E-01, -3.34000E-01, 3.19615E-01, -3.30000E-01, -3.34000E-01, 3.20000E-01, -4.50000E-01, -3.34000E-01, 3.19615E-01, -3.70000E-01, -3.34000E-01, 3.19615E-01, -4.90000E-01, -3.34000E-01, 3.19615E-01, -2.60000E-01, -3.34000E-01, 3.10000E-01, -1.50000E-01, -3.34000E-01, 3.20000E-01, -1.70000E-01, -4.40000E-01, 3.19615E-01, -4.70000E-01, -3.34000E-01, 4.80000E-01, -4.10000E-01, -3.34000E-01, 3.50000E-01, -2.30000E-01, -2.50000E-01, 3.10000E-01, -2.68108E-01, -3.34000E-01, 5.00000E-02, -2.68108E-01, -3.34000E-01, 4.70000E-01, -9.00000E-02, -3.34000E-01, 3.50000E-01, -9.00000E-02, -3.34000E-01, 3.40000E-01, -4.40000E-01, -3.34000E-01, 3.60000E-01, -5.30000E-01, -3.34000E-01, 1.00000E-01, -5.00000E-02, -3.34000E-01, 3.19615E-01, -2.68108E-01, -4.60000E-01, 3.19615E-01, -2.68108E-01, -2.80000E-01, 1.50000E-01, -3.20000E-01, -2.70000E-01, 1.80000E-01, -2.20000E-01, -1.70000E-01, 3.19615E-01, 6.00000E-02, -3.34000E-01, 4.00000E-01, -2.20000E-01, -3.34000E-01, 3.19615E-01, -7.30000E-01, -3.34000E-01, 3.19615E-01, -4.00000E-02, -3.34000E-01, 3.19615E-01, -7.00000E-02, -3.34000E-01, 2.60000E-01, -1.00000E-01, -3.34000E-01, 3.00000E-02, -6.00000E-02, -3.34000E-01, 4.90000E-01, -2.70000E-01, -3.34000E-01, 4.00000E-01, -2.90000E-01, -3.34000E-01, 4.00000E-01, -2.60000E-01, -3.34000E-01, 3.19615E-01, -2.68108E-01, -3.40000E-01, 3.70000E-01, -3.70000E-01, -3.34000E-01, 2.40000E-01, -3.30000E-01, -3.34000E-01, 3.19615E-01, -2.40000E-01, -4.40000E-01, 3.19615E-01, -6.10000E-01, -3.34000E-01, 4.50000E-01, -1.30000E-01, -3.34000E-01, 4.30000E-01, -2.00000E-01, -4.30000E-01, 3.00000E-01, -3.00000E-02, -3.34000E-01), .Dim=c(42, 3)))
