list(Nstudy=5.00000E+01, N=c(1.39000E+02, 6.50000E+01, 1.39000E+02, 1.39000E+02, 3.70000E+01, 4.40000E+01, 6.20000E+01, 6.20000E+01, 6.00000E+01, 1.16000E+02, 1.16000E+02, 6.20000E+01, 3.90000E+01, 1.67000E+02, 7.70000E+01, 7.40000E+01, 7.40000E+01, 6.00000E+01, 6.00000E+01, 6.70000E+01, 5.20000E+01, 5.20000E+01, 3.60000E+01, 6.70000E+01, 3.80000E+01, 1.30000E+01, 1.30000E+01, 4.50000E+01, 1.17000E+02, 1.02000E+02, 4.50000E+01, 7.70000E+01, 4.80000E+01, 4.00000E+01, 4.00000E+01, 7.10000E+01, 7.10000E+01, 4.80000E+01, 1.30000E+02, 1.15000E+02, 1.30000E+02, 1.30000E+02, 1.17000E+02, 1.15000E+02, 7.00000E+01, 3.60000E+01, 3.60000E+01, 3.60000E+01, 7.10000E+01, 3.40000E+01), mu.N=7.30800E+01, p=3.00000E+00, pp=3.00000E+00, vR= structure(.Data= c(    NA, -1.80000E-01,     NA, 4.50000E-01, -5.00000E-01, -2.60000E-01,     NA, -2.80000E-01,     NA,     NA, -3.30000E-01,     NA, -1.60000E-01,     NA,     NA, 3.20000E-01, -4.50000E-01,     NA,     NA, -3.70000E-01,     NA,     NA, -4.90000E-01,     NA,     NA, -2.60000E-01,     NA, 3.10000E-01, -1.50000E-01,     NA, 3.20000E-01, -1.70000E-01, -4.40000E-01,     NA, -4.70000E-01,     NA, 4.80000E-01, -4.10000E-01,     NA, 1.70000E-01,     NA,     NA, 3.50000E-01, -2.30000E-01, -2.50000E-01, 3.10000E-01,     NA,     NA, 5.00000E-02,     NA,     NA, 4.70000E-01, -9.00000E-02,     NA, 3.50000E-01, -9.00000E-02,     NA, 3.40000E-01, -4.40000E-01,     NA, 4.10000E-01,     NA,     NA, 5.60000E-01,     NA,     NA, 3.60000E-01, -5.30000E-01,     NA, 1.00000E-01, -5.00000E-02,     NA, 2.80000E-01,     NA,     NA,     NA,     NA, -4.60000E-01,     NA,     NA, -2.80000E-01, 4.30000E-01,     NA,     NA, 1.50000E-01, -3.20000E-01, -2.70000E-01, 1.80000E-01, -2.20000E-01, -1.70000E-01,     NA, 6.00000E-02,     NA, 4.00000E-01, -2.20000E-01,     NA,     NA, -7.30000E-01,     NA,     NA, -6.90000E-01,     NA,     NA, -4.00000E-01,     NA,     NA, -4.00000E-02,     NA,     NA, -7.00000E-02,     NA, 2.60000E-01, -1.00000E-01,     NA, 3.00000E-02, -6.00000E-02,     NA, 4.90000E-01, -2.70000E-01,     NA, 4.00000E-01, -2.90000E-01,     NA, 4.00000E-01, -2.60000E-01,     NA,     NA,     NA, -3.40000E-01, 3.70000E-01, -3.70000E-01,     NA, 2.40000E-01, -3.30000E-01,     NA,     NA, -2.40000E-01, -4.40000E-01,     NA, -6.10000E-01,     NA, 4.50000E-01, -1.30000E-01,     NA, 4.30000E-01, -2.00000E-01, -4.30000E-01, 3.00000E-01, -3.00000E-02,     NA), .Dim=c(50, 3)), tau.vR= structure(.Data= c(1.92101E+02, 4.68485E+01, 3.22895E+01, 4.68485E+01, 1.88252E+02, -4.12327E+01, 3.22895E+01, -4.12327E+01, 1.95163E+02, 8.98312E+01, 2.19076E+01, 1.50994E+01, 2.19076E+01, 8.80316E+01, -1.92815E+01, 1.50994E+01, -1.92815E+01, 9.12634E+01, 1.92101E+02, 4.68485E+01, 3.22895E+01, 4.68485E+01, 1.88252E+02, -4.12327E+01, 3.22895E+01, -4.12327E+01, 1.95163E+02, 1.92101E+02, 4.68485E+01, 3.22895E+01, 4.68485E+01, 1.88252E+02, -4.12327E+01, 3.22895E+01, -4.12327E+01, 1.95163E+02, 5.11347E+01, 1.24705E+01, 8.59504E+00, 1.24705E+01, 5.01103E+01, -1.09756E+01, 8.59504E+00, -1.09756E+01, 5.19499E+01, 6.08088E+01, 1.48297E+01, 1.02211E+01, 1.48297E+01, 5.95906E+01, -1.30521E+01, 1.02211E+01, -1.30521E+01, 6.17783E+01, 8.56852E+01, 2.08964E+01, 1.44025E+01, 2.08964E+01, 8.39686E+01, -1.83916E+01, 1.44025E+01, -1.83916E+01, 8.70513E+01, 8.56852E+01, 2.08964E+01, 1.44025E+01, 2.08964E+01, 8.39686E+01, -1.83916E+01, 1.44025E+01, -1.83916E+01, 8.70513E+01, 8.29211E+01, 2.02224E+01, 1.39379E+01, 2.02224E+01, 8.12599E+01, -1.77983E+01, 1.39379E+01, -1.77983E+01, 8.42432E+01, 1.60314E+02, 3.90966E+01, 2.69466E+01, 3.90966E+01, 1.57102E+02, -3.44100E+01, 2.69466E+01, -3.44100E+01, 1.62870E+02, 1.60314E+02, 3.90966E+01, 2.69466E+01, 3.90966E+01, 1.57102E+02, -3.44100E+01, 2.69466E+01, -3.44100E+01, 1.62870E+02, 8.56852E+01, 2.08964E+01, 1.44025E+01, 2.08964E+01, 8.39686E+01, -1.83916E+01, 1.44025E+01, -1.83916E+01, 8.70513E+01, 5.38987E+01, 1.31445E+01, 9.05964E+00, 1.31445E+01, 5.28189E+01, -1.15689E+01, 9.05964E+00, -1.15689E+01, 5.47580E+01, 2.30797E+02, 5.62856E+01, 3.87938E+01, 5.62856E+01, 2.26173E+02, -4.95386E+01, 3.87938E+01, -4.95386E+01, 2.34477E+02, 1.06415E+02, 2.59520E+01, 1.78870E+01, 2.59520E+01, 1.04284E+02, -2.28411E+01, 1.78870E+01, -2.28411E+01, 1.08112E+02, 1.02269E+02, 2.49409E+01, 1.71901E+01, 2.49409E+01, 1.00221E+02, -2.19512E+01, 1.71901E+01, -2.19512E+01, 1.03900E+02, 1.02269E+02, 2.49409E+01, 1.71901E+01, 2.49409E+01, 1.00221E+02, -2.19512E+01, 1.71901E+01, -2.19512E+01, 1.03900E+02, 8.29211E+01, 2.02224E+01, 1.39379E+01, 2.02224E+01, 8.12599E+01, -1.77983E+01, 1.39379E+01, -1.77983E+01, 8.42432E+01, 8.29211E+01, 2.02224E+01, 1.39379E+01, 2.02224E+01, 8.12599E+01, -1.77983E+01, 1.39379E+01, -1.77983E+01, 8.42432E+01, 9.25953E+01, 2.25816E+01, 1.55640E+01, 2.25816E+01, 9.07402E+01, -1.98748E+01, 1.55640E+01, -1.98748E+01, 9.40715E+01, 7.18650E+01, 1.75261E+01, 1.20795E+01, 1.75261E+01, 7.04253E+01, -1.54252E+01, 1.20795E+01, -1.54252E+01, 7.30107E+01, 7.18650E+01, 1.75261E+01, 1.20795E+01, 1.75261E+01, 7.04253E+01, -1.54252E+01, 1.20795E+01, -1.54252E+01, 7.30107E+01, 4.97527E+01, 1.21334E+01, 8.36274E+00, 1.21334E+01, 4.87559E+01, -1.06790E+01, 8.36274E+00, -1.06790E+01, 5.05459E+01, 9.25953E+01, 2.25816E+01, 1.55640E+01, 2.25816E+01, 9.07402E+01, -1.98748E+01, 1.55640E+01, -1.98748E+01, 9.40715E+01, 5.25167E+01, 1.28075E+01, 8.82734E+00, 1.28075E+01, 5.14646E+01, -1.12723E+01, 8.82734E+00, -1.12723E+01, 5.33540E+01, 1.79662E+01, 4.38151E+00, 3.01988E+00, 4.38151E+00, 1.76063E+01, -3.85630E+00, 3.01988E+00, -3.85630E+00, 1.82527E+01, 1.79662E+01, 4.38151E+00, 3.01988E+00, 4.38151E+00, 1.76063E+01, -3.85630E+00, 3.01988E+00, -3.85630E+00, 1.82527E+01, 6.21909E+01, 1.51668E+01, 1.04534E+01, 1.51668E+01, 6.09449E+01, -1.33487E+01, 1.04534E+01, -1.33487E+01, 6.31824E+01, 1.61696E+02, 3.94336E+01, 2.71789E+01, 3.94336E+01, 1.58457E+02, -3.47067E+01, 2.71789E+01, -3.47067E+01, 1.64274E+02, 1.40966E+02, 3.43780E+01, 2.36944E+01, 3.43780E+01, 1.38142E+02, -3.02571E+01, 2.36944E+01, -3.02571E+01, 1.43213E+02, 6.21909E+01, 1.51668E+01, 1.04534E+01, 1.51668E+01, 6.09449E+01, -1.33487E+01, 1.04534E+01, -1.33487E+01, 6.31824E+01, 1.06415E+02, 2.59520E+01, 1.78870E+01, 2.59520E+01, 1.04284E+02, -2.28411E+01, 1.78870E+01, -2.28411E+01, 1.08112E+02, 6.63369E+01, 1.61779E+01, 1.11503E+01, 1.61779E+01, 6.50079E+01, -1.42386E+01, 1.11503E+01, -1.42386E+01, 6.73945E+01, 5.52808E+01, 1.34816E+01, 9.29194E+00, 1.34816E+01, 5.41733E+01, -1.18655E+01, 9.29194E+00, -1.18655E+01, 5.61621E+01, 5.52808E+01, 1.34816E+01, 9.29194E+00, 1.34816E+01, 5.41733E+01, -1.18655E+01, 9.29194E+00, -1.18655E+01, 5.61621E+01, 9.81234E+01, 2.39298E+01, 1.64932E+01, 2.39298E+01, 9.61576E+01, -2.10613E+01, 1.64932E+01, -2.10613E+01, 9.96877E+01, 9.81234E+01, 2.39298E+01, 1.64932E+01, 2.39298E+01, 9.61576E+01, -2.10613E+01, 1.64932E+01, -2.10613E+01, 9.96877E+01, 6.63369E+01, 1.61779E+01, 1.11503E+01, 1.61779E+01, 6.50079E+01, -1.42386E+01, 1.11503E+01, -1.42386E+01, 6.73945E+01, 1.79662E+02, 4.38151E+01, 3.01988E+01, 4.38151E+01, 1.76063E+02, -3.85630E+01, 3.01988E+01, -3.85630E+01, 1.82527E+02, 1.58932E+02, 3.87595E+01, 2.67143E+01, 3.87595E+01, 1.55748E+02, -3.41134E+01, 2.67143E+01, -3.41134E+01, 1.61466E+02, 1.79662E+02, 4.38151E+01, 3.01988E+01, 4.38151E+01, 1.76063E+02, -3.85630E+01, 3.01988E+01, -3.85630E+01, 1.82527E+02, 1.79662E+02, 4.38151E+01, 3.01988E+01, 4.38151E+01, 1.76063E+02, -3.85630E+01, 3.01988E+01, -3.85630E+01, 1.82527E+02, 1.61696E+02, 3.94336E+01, 2.71789E+01, 3.94336E+01, 1.58457E+02, -3.47067E+01, 2.71789E+01, -3.47067E+01, 1.64274E+02, 1.58932E+02, 3.87595E+01, 2.67143E+01, 3.87595E+01, 1.55748E+02, -3.41134E+01, 2.67143E+01, -3.41134E+01, 1.61466E+02, 9.67413E+01, 2.35928E+01, 1.62609E+01, 2.35928E+01, 9.48032E+01, -2.07647E+01, 1.62609E+01, -2.07647E+01, 9.82837E+01, 4.97527E+01, 1.21334E+01, 8.36274E+00, 1.21334E+01, 4.87559E+01, -1.06790E+01, 8.36274E+00, -1.06790E+01, 5.05459E+01, 4.97527E+01, 1.21334E+01, 8.36274E+00, 1.21334E+01, 4.87559E+01, 